
Accuracy: 0.9254
Precision: 1.0
Recall: 0.6642664266426642
    F1: 0.7982693347755544
